library ME file: 1209 months (192512 to 202608); BE/ME file: 101 years (1926 to 2026)

--- size breakpoint: median NYSE ME in June ($ millions if the library unit is as assumed) ---
average ratio mine(all NYSE stocks)/library:      0.9410   mean |ratio-1|: 0.0590
average ratio mine(eligible NYSE stocks)/library: 1.0168   mean |ratio-1|: 0.0294
average ratio of NYSE stock counts, mine(all)/library: 1.0442
BE/ME file row = formation year + -1: mean |relative diff| p30 0.1402, p70 0.1731
BE/ME file row = formation year + 0: mean |relative diff| p30 0.0888, p70 0.1184
BE/ME file row = formation year + 1: mean |relative diff| p30 0.1760, p70 0.1951
best alignment: row = formation year + 0
average ratio mine/library: p30 1.0888, p70 1.1184
average ratio of NYSE stocks with BE>0: mine(eligible)/library 1.0211

--- eligible stocks that would change group if the library's breakpoints were used ---
      eligible  switch_size  switch_p30  switch_p70  share_switching_any
t                                                                       
2001      5563            5         154         273               0.0777
2002      5021           23         119         284               0.0848
2003      4673            5         159         340               0.1079
2004      4472           13         137         307               0.1022
2005      4436           23         217         289               0.1193
2006      4338           16         160         273               0.1035
2007      4244            1         176         269               0.1051
2008      4204            2         159         270               0.1025
2009      3900           10         126         230               0.0938
2010      3722           24          98         230               0.0946
2011      3593           15         103         224               0.0952
2012      3491           24         150         228               0.1152
2013      3357           24         124         228               0.1120
2014      3376           22         129         217               0.1090
2015      3461           24         139         227               0.1127
2016      3360           23         137         256               0.1238
2017      3204           40         127         232               0.1245
2018      3189           14          96         190               0.0941
2019      3223            3          82         143               0.0707
2020      3209           13          81         158               0.0785
2021      3302            0          86         131               0.0657
2022      3659           10         102         140               0.0689
2023      3566           17          96         159               0.0763
2024      3378           13          49         160               0.0657
2025      3241           20          38         143               0.0620
average share of stocks affected by at least one breakpoint (upper bound): 9.46%

--- full comparison table ---
      lib_median_musd  mine_allNYSE_musd  mine_eligNYSE_musd  ratio_allNYSE  ratio_eligNYSE  n_lib_nyse  n_mine_allNYSE  lib_bm_p30  mine_bm_p30  lib_bm_p70  mine_bm_p70  ratio_p30  ratio_p70  n_lib_nyse_BEpos  n_mine_nyse_eligible
2001          1153.89           1109.644            1159.632          0.962           1.005      1526.0            1563       0.358        0.394       0.827        0.929      1.101      1.124            1462.0                  1471
2002          1193.77           1127.069            1231.865          0.944           1.032      1467.0            1506       0.372        0.398       0.752        0.856      1.069      1.138            1406.0                  1413
2003          1178.80           1163.369            1182.863          0.987           1.003      1443.0            1481       0.434        0.471       0.826        0.930      1.085      1.126            1391.0                  1405
2004          1665.78           1607.854            1684.198          0.965           1.011      1432.0            1469       0.350        0.375       0.631        0.713      1.072      1.131            1373.0                  1381
2005          1786.15           1742.779            1849.250          0.976           1.035      1440.0            1475       0.324        0.357       0.581        0.644      1.103      1.108            1381.0                  1386
2006          2062.27           1966.987            2133.643          0.954           1.035      1404.0            1443       0.321        0.351       0.594        0.656      1.093      1.104            1335.0                  1347
2007          2573.87           2459.933            2574.461          0.956           1.000      1380.0            1421       0.313        0.341       0.582        0.639      1.089      1.098            1318.0                  1327
2008          1929.19           1849.456            1933.637          0.959           1.002      1349.0            1390       0.327        0.355       0.671        0.747      1.086      1.114            1295.0                  1315
2009          1344.51           1291.396            1373.522          0.960           1.022      1289.0            1326       0.508        0.553       1.065        1.215      1.088      1.141            1225.0                  1239
2010          1589.72           1531.167            1669.394          0.963           1.050      1296.0            1330       0.414        0.443       0.800        0.905      1.071      1.131            1216.0                  1231
2011          2219.31           2161.390            2297.862          0.974           1.035      1286.0            1319       0.367        0.393       0.704        0.781      1.072      1.109            1203.0                  1228
2012          1918.16           1886.657            1987.362          0.984           1.036      1291.0            1320       0.411        0.461       0.809        0.921      1.121      1.139            1202.0                  1224
2013          2391.02           2347.349            2511.537          0.982           1.050      1289.0            1317       0.368        0.414       0.755        0.858      1.126      1.136            1205.0                  1214
2014          2901.24           2802.539            3020.635          0.966           1.041      1318.0            1352       0.295        0.323       0.602        0.686      1.095      1.140            1221.0                  1242
2015          2736.94           2632.563            2818.901          0.962           1.030      1319.0            1358       0.278        0.311       0.630        0.718      1.119      1.140            1239.0                  1261
2016          2351.00           2232.704            2526.459          0.950           1.075      1263.0            1307       0.302        0.340       0.707        0.813      1.126      1.149            1181.0                  1210
2017          2826.85           2749.164            3039.307          0.973           1.075      1246.0            1287       0.275        0.303       0.599        0.672      1.102      1.122            1127.0                  1158
2018          3243.46           3118.988            3342.262          0.962           1.030      1225.0            1266       0.261        0.285       0.603        0.660      1.092      1.095            1123.0                  1143
2019          3047.61           2869.625            3074.940          0.942           1.009      1213.0            1263       0.326        0.354       0.800        0.872      1.086      1.089            1116.0                  1140
2020          2584.10           2399.104            2504.335          0.928           0.969      1173.0            1227       0.288        0.311       0.709        0.774      1.079      1.091            1082.0                  1114
2021          4239.30           3595.389            4239.297          0.848           1.000      1195.0            1340       0.244        0.265       0.695        0.777      1.084      1.118            1076.0                  1111
2022          3209.85           2508.775            3146.067          0.782           0.980      1241.0            1415       0.218        0.239       0.581        0.637      1.097      1.096            1143.0                  1200
2023          3751.00           3189.154            3621.145          0.850           0.965      1224.0            1334       0.296        0.322       0.712        0.783      1.087      1.100            1124.0                  1181
2024          4023.09           3619.441            3918.053          0.900           0.974      1190.0            1278       0.273        0.286       0.701        0.782      1.048      1.116            1110.0                  1156
2025          4493.48           4044.106            4290.669          0.900           0.955      1136.0            1245       0.258        0.266       0.684        0.756      1.031      1.105            1068.0                  1137